PuzzleNumber: 1
Clues:
0 0 1
0 7 8
1 1 29
1 6 44
3 2 56
3 5 49
5 2 58
5 5 61
6 1 34
6 6 39
7 0 22
7 7 15
Solution:
1 2 3 4 5 6 7 8
28 29 54 53 46 45 44 9
27 30 55 52 47 48 43 10
26 31 56 51 50 49 42 11
25 32 57 64 63 62 41 12
24 33 58 59 60 61 40 13
23 34 35 36 37 38 39 14
22 21 20 19 18 17 16 15
EndPuzzle

PuzzleNumber: 2
Clues:
0 0 42
0 3 39
0 4 32
0 7 25
3 0 45
3 2 51
3 3 36
3 4 35
3 5 20
3 7 22
4 1 53
4 3 1
4 4 2
4 6 16
6 3 5
6 4 6
7 0 57
7 3 64
7 4 7
7 7 12
Solution:
42 41 40 39 32 31 26 25
43 48 49 38 33 30 27 24
44 47 50 37 34 29 28 23
45 46 51 36 35 20 21 22
54 53 52 1 2 19 16 15
55 60 61 4 3 18 17 14
56 59 62 5 6 9 10 13
57 58 63 64 7 8 11 12
EndPuzzle

PuzzleNumber: 3
Clues:
0 0 1
0 7 64
1 1 15
2 4 35
3 3 29
4 2 21
5 1 11
5 5 43
7 0 8
7 7 57
Solution:
1 16 17 32 33 48 49 64
2 15 18 31 34 47 50 63
3 14 19 30 35 46 51 62
4 13 20 29 36 45 52 61
5 12 21 28 37 44 53 60
6 11 22 27 38 43 54 59
7 10 23 26 39 42 55 58
8 9 24 25 40 41 56 57
EndPuzzle

PuzzleNumber: 4
Clues:
0 0 1
0 7 8
3 3 61
4 4 63
5 5 55
7 0 22
7 7 15
Solution:
1 2 3 4 5 6 7 8
28 29 30 31 32 33 34 9
27 48 49 50 51 52 35 10
26 47 60 61 62 53 36 11
25 46 59 64 63 54 37 12
24 45 58 57 56 55 38 13
23 44 43 42 41 40 39 14
22 21 20 19 18 17 16 15
EndPuzzle

PuzzleNumber: 5
Clues:
0 0 1
0 7 8
3 4 28
4 3 36
6 0 49
7 7 57
Solution:
1 2 3 4 5 6 7 8
16 15 14 13 12 11 10 9
17 18 19 20 21 22 23 24
32 31 30 29 28 27 26 25
33 34 35 36 37 38 39 40
48 47 46 45 44 43 42 41
49 50 51 52 53 54 55 56
64 63 62 61 60 59 58 57
EndPuzzle

PuzzleNumber: 6
Clues:
0 0 64
3 3 4
4 4 2
6 7 51
7 0 43
Solution:
64 63 62 61 60 59 58 57
37 36 35 34 33 32 31 56
38 17 16 15 14 13 30 55
39 18 5 4 3 12 29 54
40 19 6 1 2 11 28 53
41 20 7 8 9 10 27 52
42 21 22 23 24 25 26 51
43 44 45 46 47 48 49 50
EndPuzzle

PuzzleNumber: 7
Clues:
0 0 57
0 7 64
4 4 29
7 0 8
Solution:
57 58 59 60 61 62 63 64
56 55 54 53 52 51 50 49
41 42 43 44 45 46 47 48
40 39 38 37 36 35 34 33
25 26 27 28 29 30 31 32
24 23 22 21 20 19 18 17
9 10 11 12 13 14 15 16
8 7 6 5 4 3 2 1
EndPuzzle

PuzzleNumber: 8
Clues:
0 0 1
3 3 61
4 4 63
7 0 8
Solution:
1 28 27 26 25 24 23 22
2 29 48 47 46 45 44 21
3 30 49 60 59 58 43 20
4 31 50 61 64 57 42 19
5 32 51 62 63 56 41 18
6 33 52 53 54 55 40 17
7 34 35 36 37 38 39 16
8 9 10 11 12 13 14 15
EndPuzzle

PuzzleNumber: 9
Clues:
0 0 8
3 3 28
4 4 36
7 0 1
7 7 64
Solution:
8 9 24 25 40 41 56 57
7 10 23 26 39 42 55 58
6 11 22 27 38 43 54 59
5 12 21 28 37 44 53 60
4 13 20 29 36 45 52 61
3 14 19 30 35 46 51 62
2 15 18 31 34 47 50 63
1 16 17 32 33 48 49 64
EndPuzzle

PuzzleNumber: 10
Clues:
0 0 8
0 7 1
4 0 40
7 7 64
Solution:
8 7 6 5 4 3 2 1
9 10 11 12 13 14 15 16
24 23 22 21 20 19 18 17
25 26 27 28 29 30 31 32
40 39 38 37 36 35 34 33
41 42 43 44 45 46 47 48
56 55 54 53 52 51 50 49
57 58 59 60 61 62 63 64
EndPuzzle

PuzzleNumber: 11
Clues:
0 7 8
3 3 37
4 4 29
7 0 64
7 7 1
Solution:
57 56 41 40 25 24 9 8
58 55 42 39 26 23 10 7
59 54 43 38 27 22 11 6
60 53 44 37 28 21 12 5
61 52 45 36 29 20 13 4
62 51 46 35 30 19 14 3
63 50 47 34 31 18 15 2
64 49 48 33 32 17 16 1
EndPuzzle

PuzzleNumber: 12
Clues:
0 0 15
3 3 63
4 4 61
7 0 22
7 7 1
Solution:
15 14 13 12 11 10 9 8
16 39 38 37 36 35 34 7
17 40 55 54 53 52 33 6
18 41 56 63 62 51 32 5
19 42 57 64 61 50 31 4
20 43 58 59 60 49 30 3
21 44 45 46 47 48 29 2
22 23 24 25 26 27 28 1
EndPuzzle